function [B] = fcn_Right_Atrias_B(q,dq)

B = zeros(9,6);

  B(1,1)=0;
  B(1,2)=0;
  B(1,3)=0;
  B(1,4)=0;
  B(1,5)=0;
  B(1,6)=0;
  B(2,1)=0;
  B(2,2)=0;
  B(2,3)=0;
  B(2,4)=0;
  B(2,5)=0;
  B(2,6)=0;
  B(3,1)=0;
  B(3,2)=0;
  B(3,3)=0;
  B(3,4)=0;
  B(3,5)=0;
  B(3,6)=0;
  B(4,1)=50;
  B(4,2)=0;
  B(4,3)=0;
  B(4,4)=0;
  B(4,5)=0;
  B(4,6)=0;
  B(5,1)=0;
  B(5,2)=50;
  B(5,3)=0;
  B(5,4)=0;
  B(5,5)=0;
  B(5,6)=0;
  B(6,1)=0;
  B(6,2)=0;
  B(6,3)=267/10;
  B(6,4)=0;
  B(6,5)=0;
  B(6,6)=0;
  B(7,1)=0;
  B(7,2)=0;
  B(7,3)=0;
  B(7,4)=50;
  B(7,5)=0;
  B(7,6)=0;
  B(8,1)=0;
  B(8,2)=0;
  B(8,3)=0;
  B(8,4)=0;
  B(8,5)=50;
  B(8,6)=0;
  B(9,1)=0;
  B(9,2)=0;
  B(9,3)=0;
  B(9,4)=0;
  B(9,5)=0;
  B(9,6)=267/10;

 